00071
00164
00173
00195
00203
00209
00216
00247
00256
00292
00354
00379
00599
00615
00630
00651
00735
00769
00849
00862
00919
00946
00948
00954
01030
01067
01233
01243
01246
01266
01333
01367
01372
01471
01556
01564
01591
01764
01767
01803
01816
01834
01870
01871
01873
01878
01919
01948
01984
02011
02035
02038
02040
02041
02168
02191
02196
02197
02198
02285
02309
02345
02390
02398
02407
02415
02424
02458
02460
02463
02475
02477
02503
02511
02514
02520
02527
02587
02589
02611
02629
02657
02694
02695
02731
02738
02757
02760
02766
02810
02811
02829
02848
02855
02870
02888
02916
02917
02919
02923
02940
02994
02998
03055
03147
03209
03244
03268
03270
03289
03344
03361
03384
03398
03404
03429
03447
03448
03452
03555
03615
03664
03674
03722
03751
03780
03802
03833
03836
03887
03936
03964
03966
04009
04014
04070
04097
04110
04180
04182
04283
04286
04320
04343
04351
04383
04386
04389
04392
04393
04417
04439
04449
04458
04478
04486
04509
04534
04547
04570
04673
04829
04892
04902
04907
04971
05066
05071
05097
05186
05296
05339
05346
05351
05376
05398
05410
05452
05599
05616
05629
05723
05769
05773
05793
05815
05840
05974
06004
06083
06167
06191
06228
06304
06311
06312
06334
06343
06360
06446
06488
06504
06652
06661
06672
06721
06748
06796
06829
06867
06881
06936
06947
06950
07028
07048
07076
07107
07108
07151
07154
07156
07192
07200
07218
07226
07275
07276
07278
07281
07304
07307
07319
07322
07323
07334
07357
07384
07407
07414
07518
07520
07597
07598
07602
07608
07632
07637
07642
07649
07687
07711
07725
07728
07737
07786
07822
07833
07849
07868
07882
07883
07896
07905
07916
07917
07934
07938
07941
07986
07989
07998
08001
08013
08015
08053
08055
08068
08086
08123
08155
08220
08224
08236
08242
08252
08259
08264
08292
08295
08296
08300
08301
08302
08354
08358
08368
08374
08379
08423
08439
08451
08455
08457
08463
08491
08523
08528
08547
08553
08566
08605
08611
08615
08686
08687
08696
08697
08701
08702
08721
08730
08778
08779
08784
08814
08840
08865
08935
08937
08941
08943
08953
08990
08995
08996
08997
08998
09004
09014
09015
09018
09022
09031
09046
09074
09092
09104
09127
09149
09158
09198
09233
09243
09246
09257
09268
09271
09272
09294
09312
09325
09327
09339
09372
09390
09398
09399
09418
09441
09451
09454
09457
09463
09464
09471
09473
09476
09484
09485
09512
09515
09523
09524
09528
09529
09538
09546
09549
09551
09553
09555
09560
09561
09567
09572
09575
09576
09578
09584
09586
09587
09588
09590
09612
09645
09650
09651
09652
09656
09658
09666
09667
09672
09680
09687
09700
09702
09714
09718
09720
09721
09724
09737
09740
09743
09744
09746
09748
09750
09775
09785
09790
09793
09794
09797
09798
09808
09809
09810
09822
09836
09839
09846
09855
09856
09868
09871
09877
09887
09889
09890
09893
09909
09918
09922
09938
09944
09945
09952
09978
09998
10004
10005
10037
10070
10103
10156
10160
10164
10168
10209
10222
10231
10243
10263
10280
10309
10313
10354
10357
10401
10412
10440
10462
10470
10486
10494
10500
10508
10537
10548
10552
10621
10622
10630
10637
10658
10665
10726
10728
10736
10737
10751
10754
10870
10877
10889
10964
11037
11062
11065
11084
11085
11092
11093
11121
11124
11128
11133
11135
11136
11152
11156
11158
11191
11262
11303
11520
11522
11534
11537
11581
11668
11683
11744
11767
11768
11774
11775
11778
11795
11798
11806
11820
11824
11828
11846
11878
11905
11938
11949
11991
12018
12019
12022
12037
12090
12110
12121
12165
12167
12168
12172
12244
12257
12298
12310
12327
12353
12357
12400
12402
12406
12412
12417
12420
12422
12423
12596
12721
